0.0187349266135947
-0.0491466836638089
0.0609383768025863
-0.0140334862444878
0.264154750939567
-0.0814565332900221
0.0366994278455451
0.0393109300544406
-0.122500617756822
0.0958219023832612
0.155256249432067
-0.0204594440380546
0.137248567418419
0.027667129408052
0.0241514072548624
0.0244072130624897
0.0053373092028356
0.110059533202602
0.199834209906271
-0.0236705601147032
0.106570593354563
0.0576700668378751
-0.190227325941597
-0.0478447765991782
-0.0670857366167604
0.102284773231344
0.159679371044235
0.0132501855463508
0.0583166839746551
-0.0101896679370415
-0.0612813716298561
0.0138149643206105
-0.105742282861233
0.0284756426733537
-0.0508316798065547
-0.00918353518213082
0.0398453120128916
-0.0531408266519511
0.206456469945024
-0.0287691022438034
-0.0849698302044145
0.0664425528164963
-0.0127602564096777
0.011506140051111
0.00338412723797111
-0.0827125409056848
0.194731711671488
0.0844451350541435
0.15103306440713
-0.0923526183537732
-0.05606310679154
0.178055686305953
-0.0340321437814512
0.0788057863946174
0.0342491923051116
0.0558241231062065
0.067489556659816
0.0599725868643334
-0.0144098150318719
0.245903101138379
-0.00648194681311161
0.0191645745138533
0.0210381267134327
0.100389626675605
-0.0334836319395012
-0.00635596365410286
-0.0790605866597482
0.114547504343491
0.000332477551279199
0.0963183250872363
0.154587104841791
0.0636426439572855
-0.0312063446948746
0.0968037457051267
-0.0976254873959568
0.08489523036961
0.0104634431144194
0.00965625586784187
-0.0950736919930011
0.0591617864715984
-0.0129746431195479
0.206661586644827
0.0216031607158631
0.0555278169990662
-0.199285740260142
0.133374112911777
0.114549381501813
0.151158211337076
-0.023973748124561
0.0142228632265472
-0.250144903808494
0.0185174283029811
0.00481626343737083
0.072029580941001
-0.00162192947969416
0.0640869742488992
-0.00279579442868163
0.0180755490791614
0.0332472204138057
-0.0120981100429302
-0.0803551671428145
-0.0100505575727785
-0.00458689469952954
0.0410566056203312
-0.21098996137649
0.0438327237134287
0.0287511101046642
0.231859420707669
0.00215223607145113
0.261947576709615
0.101274645266048
0.152456205315989
0.255793170975731
0.0535327892805321
-0.00983889054090229
-0.0286122453517662
-0.0143186894195005
-0.0368814250897376
-0.123919243161379
0.0862435537104132
0.0623447835589419
-0.114567503227297
0.0730939266292224
0.0256154427475275
0.00573445500360766
0.0519912455961386
0.041967521460691
-0.121795344572784
