-0.150611722362601
0.459583536594567
-0.142774733069053
-0.138794449287117
0.594915515402862
0.523090769854526
-0.153681986031753
-0.175561279832123
-0.561313821706785
-0.471465589678897
-0.266798273421894
0.0026059111576157
-0.0573014849041012
-0.0713053721510948
0.142171007346514
-0.200324524393369
-0.350940194699993
0.530546848863922
0.168682313662478
0.151582270407855
-0.295567982784084
-0.0823160582146807
-0.28127109027899
0.190515280830103
0.434255356660288
-0.64434837816619
-0.00593678187026473
0.302745063700491
-0.17439608634409
-0.0991055110415079
0.465311840609964
0.00502518892622765
-0.176464517164413
0.246581460828702
-0.0922819684979685
0.0312215385333478
0.340486791001243
-0.540953849711875
-0.429349993023943
0.100593056968868
0.092904524155378
-0.200412045288535
-0.00962933446705191
0.15201509452609
-0.354652374330522
0.177823060216236
-0.538628741334697
0.370614191825619
-0.211279271219096
0.265604867231459
-0.68197983552681
-0.107707660423686
0.253343364345468
-0.211000843993502
-0.211578690156595
0.0612508478005272
0.236066425309922
0.281151111695126
0.0900687405604676
0.180977285913949
0.168768150903816
0.0809728822454686
-0.265601154631353
-0.41974393202044
0.060636459931598
-0.114839325283518
0.22619454793336
0.163368310880735
-0.114463659296943
-0.0523044447446133
-0.225870695346356
0.249978345509928
0.176548407444914
0.187255383066509
-0.358418712943071
-0.399824360484942
0.466144816742006
0.0358508701838912
-0.0465482547236516
-0.407555214121346
-0.232527772350498
-0.449810505888142
0.315305562979847
-0.0419844182199732
-0.0345162467053708
-0.221931150046705
-0.575751789366883
-0.646157960767634
-0.131763918229085
-0.763586861766092
0.371480767633234
0.154289036117297
0.0379453173938262
-0.0131289421167416
-0.190898666519241
0.158243483110824
-0.138485483797795
0.0512470646555135
0.0858254720534533
-0.11938317142376
-0.445691975938162
0.112674547190488
0.0437209665488849
0.259783387051494
0.126573855286667
-0.249732891562992
-0.0332980773185071
0.243309433933446
0.355059697029395
-0.0488884127570477
-0.0058277832939678
0.0392530101030707
-0.657620225058454
-0.110127386811011
0.207921129586222
-0.279137279692765
0.899945150750834
0.295898482331802
0.0753839027800329
0.48060965494481
-0.493386701660243
0.295733783952759
-0.304627075614723
0.165238165800169
0.00255945395998838
-0.256633687397985
0.117522187731198
-0.199815471153842
-0.249141100117046
-0.0542522481887873
0.507371334360794
-0.086255802572699
-0.618641897423969
0.108074929101692
-0.462489848754449
0.121806997897069
0.135119240061245
0.34905105882708
-0.0335294493446889
0.128889610094167
-0.0526962761358336
-0.363109459867269
-0.292857638413412
-0.0862573366252062
-0.275494174572535
0.150034838117244
0.146906652656198
-0.262215255189033
0.041155312208009
-0.29458515499241
0.896294166250055
-0.0920412290890158
0.0218288919309461
0.10601458424956
-0.395705207797864
0.0444511706491765
-0.139830695446225
0.295855503382493
-0.35639668841653
-0.0513549800517571
0.496496464726098
-0.329161895715098
0.411331628603812
0.175225855944795
0.258475021879223
-0.113335338975184
0.477158992624029
-0.125952902774956
-0.165872474159236
0.463877689870291
-0.0567751517701351
-0.0983524184538186
0.125840270130753
0.448430191131838
-0.136831309184677
-0.0255573976549747
-0.570765541866571
-0.165376644485519
0.203921708295465
0.383938299685549
0.120817468588877
-0.396706312828562
1.04731502405255
-0.407899293091076
0.420021477029776
0.0481948938604985
-0.376150993370362
-0.0848821438567272
-0.024929535893688
0.27637609876617
0.0434729118844462
0.589519802737527
0.117298227502572
-0.284666337301832
-0.227411876883511
-0.162852129416698
-0.0660798258500784
0.54129311223241
0.0125802615297487
-0.748873866128042
0.165227223908384
-0.662243590236471
0.524236563794502
0.246915420554272
0.0473310296911408
0.0323778202665647
-0.281831141798286
0.397841193806421
-0.0481962314931644
0.29761707877378
-0.225702966534911
-0.361942804655384
-0.329109854279284
-0.15522242998315
0.0912899002317685
0.135419449936698
-0.109232663226927
0.0496226418417032
0.210240377123898
0.402925207441984
-0.0929486883933892
-0.450893777966302
0.462332200879506
0.173981796088994
-0.154371029686549
-0.25750442532509
-0.251679808653018
-0.200511312054558
-0.335683489460634
-0.0202862923503335
0.293901306850447
0.102903927128938
0.10152815913571
0.035508707657247
0.317189652679338
0.339831405841443
0.133609573768161
-0.178287047931315
-0.158059559077959
-0.592664687803717
-0.390093531086128
-0.201698779114327
-0.119626075730577
0.575556958281998
-0.199060840320108
-0.0726002263666819
0.282639146252859
-0.177397240642412
0.423961339671195
0.243042150762321
-0.225418172388928
0.55505622693613
-0.235520148754093
0.260277820646508
0.376515960453265
0.488692958705407
-0.304361086007567
-0.762584138589433
-0.615663011142032
-0.290125151048927
-0.114039954704076
-0.356884609854506
-0.101316838219813
0.0603634972402951
0.59225599421879
-0.559468564296128
0.0613123130648993
0.64655200283574
0.139123823846932
-0.00176031237228505
-0.36679798729654
-0.236966816250467
-0.445951637186841
0.237408309847257
-0.240814187880722
0.394688731645228
0.281323723760165
-0.121490743754187
-0.583757593666061
0.136906645071079
0.204726439517913
-0.465492954512639
-0.330079294748796
0.350971742584147
0.0646817051166528
-0.418968598250934
0.228368223620683
0.0331422102173105
0.0699120930596719
-0.0584303775320899
0.469636737912296
-0.0294327486222867
0.63846373563891
0.818541167583369
0.402563152546211
-0.258679844342861
0.304478206989093
-0.609695029725758
0.112781450001713
-0.0755019592092726
0.250902710228409
0.538050863485251
-0.0784694911152266
-0.352288278514928
-0.0525906013508466
0.444507959614803
0.192445770657179
0.41085219707885
-0.0600383366667637
0.475310521501959
-0.0935785729593478
-0.479994328768846
0.190073741591042
0.25356418877338
0.404350306830762
-0.743635536181039
0.308599481281073
-0.0779310699574856
0.152100216879651
0.180057080240378
-0.441007026964934
0.597657563742218
0.285437137125095
-0.0946054811154207
-0.223047926555763
0.138457400271655
0.0808283675658658
-0.190985234027461
0.57659419876459
-0.503287761496315
-0.392737715837304
0.145440362054083
-0.395555135083027
0.606773813423621
0.307896511998517
0.244938647617145
0.0121839389857787
-0.758715056551085
0.385821229782405
0.372612830634038
-0.100495765175806
-0.130079507424281
0.334032144297996
0.612761096472206
0.505196921925144
-0.118177405018259
0.0640899658061563
0.0998392210516076
-0.0478792859473378
0.346034356066928
-0.0249707090584809
-0.623847266547823
0.26586321524605
-0.165182208097187
-0.183983699036068
-0.499673084164353
0.188258286167553
0.00908165926269886
-0.448045966132718
-0.455676027419505
0.424539280587994
0.080472807565289
0.204035340443175
-0.046524573480799
0.31587764878963
-0.2989749813053
0.410333628011265
1.14722584116547
0.0352384309004956
-0.0471371388744425
-0.692281898611337
-0.070658536071601
0.419755300048622
0.3712351605237
-0.199250470852758
0.39036042128771
0.110791936739823
-0.78900436648063
0.129427279931991
-0.293785910815276
0.775661102258594
0.639798165466011
0.630729890951741
-0.122228492206286
0.301298395815593
-0.262851133335008
-0.534733325102435
0.418871235068575
-0.106311582241986
0.585172631468104
0.404971592542497
0.343537856206143
-0.231695731100119
0.248952936502631
-0.296835715958653
0.107107692237288
-0.111738639407644
-0.296320988074941
-0.127229303826736
-0.191784454034865
0.498901029167313
0.124337693577597
0.0775826002250756
-0.288285730696382
0.234234745523403
0.365050681432471
-0.136571644923983
0.189843364477621
-0.0599535198870146
0.172690849432186
-0.215522814986712
0.222638066084711
0.465934394703457
-0.0784024226744235
-0.222338680504292
0.0148235207388475
0.509128967961254
-0.378092066868163
-0.314069971358701
-0.77160472843009
-0.428280769317889
0.963362716100955
-0.188394167416668
0.305880193749045
0.365909461248972
-0.104316367754465
-0.0261008293086878
0.00852997028803667
0.106550188139477
0.440430946595362
-0.0026780006450167
-0.227292503508099
-0.0210360696742616
0.243905860622749
-0.0386764474466351
-0.432065321331567
-0.240962346134625
-0.577854134601816
-0.16850435485926
0.0402111334166407
0.397731279812898
-0.0252419159568826
-0.00822635414315877
-0.729691066669543
-0.0661531707197621
-0.478458016782761
-0.182492926635656
0.191543591668082
-0.389565516536437
0.677258315773335
0.374736678316501
0.259802515788942
0.183292243421732
-0.231789204608683
-0.213397391535868
0.51749555181088
-0.191148400964725
0.243005569906711
0.0319393830275076
-1.04422287926217
-0.0654801596471071
-0.54102164085486
0.0212471142712105
0.12426428265463
0.438109825254536
0.877824302038752
0.0228079640564825
-0.0019701887465311
0.839073991625179
-0.248381703256037
-0.240138517401521
0.00639181084390729
0.229668114374038
0.357720661471656
0.433938179899125
-0.405202814362259
0.00870281561368755
-0.254866255455411
-0.321157828923278
0.646184247747599
0.00213239436288055
0.260423699783981
-0.236715142021839
0.240516838669475
1.07845114131617
0.119998024699122
-0.218247113118581
-0.222378232994215
0.61119113329462
0.31691453221063
0.0870117324613874
0.237976776330582
-0.900125221317995
-0.626834468994754
-0.247031874798702
-0.350116100486986
-0.132092038809937
0.158458509579099
-0.266492311438472
0.531296825398123
-0.211666841281898
0.344088653348294
0.339306510372069
-0.611581507768811
0.0717872720865731
0.0582021601416555
-0.163246147596596
-0.596822465283544
-0.118928208590192
0.0172780958051451
-0.122939533014688
0.887914451728253
0.0961590326592799
-0.387382624693129
0.40094067343132
0.287853971982451
-0.504891242488516
-0.691380490095635
0.00760507799049699
-0.126348173584204
-0.211954596695792
-0.443943036664545
0.0481765774846168
-0.607088513472028
-0.129959118270448
0.242396299881445
0.178020645856086
0.161586188576789
-0.0808602214571042
-0.953443539295594
-0.575989789887876
0.456669388122806
-0.356905583091784
-0.337409644390943
-0.579113108852135
-0.0907850964820888
-0.755962928923877
-0.164812173947303
0.234317791213606
-0.735854476843363
-0.310820341398179
-0.0179957048760635
0.487106638991546
-0.0460639697764863
0.023162216111923
0.385050268471924
0.0328199453113246
0.191404509099931
-0.132200370655759
-0.0303735348319753
0.107976266728395
-0.0372601261523387
-1.02242451441651
-0.11601264521812
-0.0846075121501505
0.188690306859006
0.225406992731188
0.36818090455551
0.469246097428433
-0.291612279051307
0.353546959075103
-0.235457552873905
-0.882893045909163
-0.682560285853574
-0.140978842343757
0.28637792433577
1.15217556260415
0.519408785069331
-0.547281722215679
-0.00567399182437019
-0.131217424639453
0.295616953872505
-0.266298736678635
-0.243445660190073
0.487383279661088
-0.684787399631498
0.0425486257019137
-0.128493850146906
-0.266344451607113
-0.511869046208621
-0.172694729070858
-0.163337535456905
-0.26149200004707
-0.0248389482824769
-0.435184935359739
-0.292260890300927
0.523187545492017
0.705589313777491
0.577852449852229
-0.37333101738742
-0.162154812759535
-0.129710401034076
-0.109901288021764
0.606154404682388
-0.261701441488917
0.185428157133761
-0.338416814576534
0.362258768012
0.202916851618334
0.299299160592701
-0.870026442229496
0.125853328375363
0.141512722644672
0.0286888101558527
-0.112034533201307
-0.362950030367515
0.649590387199413
0.288731383984775
-0.18905227058525
0.0890791617139308
-0.0886269206862968
-0.389066402824145
-0.761193274294831
-0.0773670660165916
0.470732867513079
0.124976922957015
-0.567274229610403
-0.0485378164133852
-0.0139533098623049
-0.239744613739543
0.395672288247942
0.664367429548312
0.353124984602172
0.322799192972882
0.243781964607336
0.504776813264379
0.244701572643095
0.450042283456397
0.0830674842944941
-0.701106054619196
0.110165646746225
0.00276006346162036
0.205702269142491
0.195048592943384
-0.630385838565158
0.387896748341653
-0.157178143909261
0.125934368157137
-0.00999557320077911
0.465608953162483
-0.543197964941952
0.536995282727999
0.678847674146391
0.428597294356987
0.1469111760773
-0.0270077507797837
0.214909033683691
0.25725812032357
0.632812310349272
0.25053813625165
0.261020626409385
0.0470845137790872
0.265656148946693
0.195887013845377
-0.141946882413901
-0.294838314861592
0.322163442761215
0.305328411632097
0.690556112424406
-0.399116535810008
0.260433612029993
0.0239628369927948
0.60342083146649
-0.318361270350539
-0.372847282584755
0.390534140278479
0.381619983764313
0.0657025040798508
0.620302931309396
-0.0992035358053793
-0.333813972441024
0.00922713611677923
-0.366522805129566
-0.142070321336715
-0.132993041805539
-0.428470018230801
-0.131598283486523
-0.214878604738885
0.363241198277845
-0.0200503594275726
-0.0977851434732174
-0.334791998651303
0.0727561363191376
-0.00111810002421057
-0.177467948084827
-1.1565934627175
0.117257707046466
0.350344833739696
0.0538006302331428
-0.294125877893789
1.18233598159952
0.13161094401277
0.340087037710265
-0.543427416959241
-0.236837990323335
0.270078008374732
-0.672302008435185
0.0673195564151084
0.161565377972371
0.715214217433106
-0.267454619101635
-0.214517480931489
-0.930074607289639
0.126153091145493
-0.221772349748984
0.0140122046161712
0.25110836244835
0.0912094862123258
-0.0156523540511089
0.309619079848395
0.240119462625558
0.489639080532331
-0.0853668731474543
0.243995845229366
0.163292515854361
0.0411281104619728
0.0662631966341889
-0.367357810797489
0.339952610549623
-0.178456339427796
0.0457626909662475
1.05888364300323
0.247246869456563
-0.219645150742908
0.513714195808546
0.229540660675405
0.262851612105479
0.377958054996949
0.494701833682225
0.223342698918447
-1.12158618895036
-0.299500294291548
-0.0230904057525282
0.590946662829041
-0.966289420804968
-0.359657060085035
-0.480254148705537
-0.225004755336883
-0.196928148193108
1.06311886989127
-0.488108103865986
-0.194367934996736
0.192690025226152
0.326938321815894
0.322017929484651
0.213189441088146
0.0131103087587346
-0.245454051307366
-0.0542344001893035
0.439109668434111
-0.327406114456868
0.032914863467531
0.76587581567102
-0.0767130073694773
0.442155247932911
-0.580238445513109
-0.483737120740415
0.220763193876935
-0.421618353452236
0.0364195201921228
0.0104005374235675
-0.327405461852989
0.651987026095626
-0.443753346742322
0.107946518690104
-0.206700189612883
-0.966138312380977
-0.785468805036789
-0.555463154309413
0.189179129306776
-0.0490452242570655
-0.560246270375168
-0.048771898562375
0.251090382242108
0.142383687020675
-0.37004772017182
-0.222626071439915
-0.403396158455455
0.416260389974646
0.229351032591835
-0.385509582212349
-0.0230670743897935
0.00787409982884809
0.0949473891156093
-0.439146789788216
0.613957557971922
-0.0572007719866923
-0.356963930009311
-0.595567172061656
0.344235078418679
0.310393497427689
-0.325413702189208
-0.350201484903631
-0.239271748426279
-0.138504844133975
0.0739048030395668
-0.00443113914485856
0.15334082342483
0.35195502827757
-0.120816178529864
-0.0911323465012206
0.0226501814615597
-0.364959768084573
0.545824829520214
-0.1105752213085
-0.481166580645727
0.254127998902309
-0.238212512173005
-0.193384336967889
-0.0737341328716856
0.100323194513797
-0.148811458246062
-0.415246902931434
-0.624720641834108
0.267910720345992
0.584657229843164
0.261275127299335
-0.16534358121763
0.244514210439889
-0.0400304746968875
0.191180257493814
0.581377044788214
-0.123791796824336
0.0234691254963758
-0.00400494005092585
-0.0594654269927687
-0.169812791971931
0.0245393573936136
0.0330972919635545
0.0778905277657278
-0.092070700981456
0.361217244224743
-0.0645121390709221
-0.177645663760194
-0.475958903527231
0.357999183666405
0.0634706706076585
-0.201953458692672
-0.267566733406563
-0.785365497289501
0.367300647351088
-0.0559647267791317
0.119703667393055
-0.0241815225267042
0.410807735926476
0.052550003725082
-0.522024360555853
0.233141000125131
0.321289761844554
-0.537525375461067
-0.0216743696495775
-0.153525959226592
0.135301227417233
-0.35279040945119
-0.270289829431034
-0.151619805654595
-0.367593451508029
-0.147416198065269
-0.334457021166273
0.407577365036867
0.0977473285431666
0.647784876153715
-0.087918830424976
0.46126554949787
-0.204146891043308
-0.784320750757316
0.278375907739266
0.0148663992166905
0.548206080939006
0.283217512044405
0.00946844053287641
0.0914880341656463
-0.813104423552366
0.192962910907497
0.260073773852712
-0.150555293845844
-0.0932143682314689
0.425335831142516
-0.188819594188422
0.48022351106131
-0.805241459841775
0.161847029409561
0.358382847704032
-0.641236478618154
-0.103314073860162
-0.315452545445136
-0.126843781494837
-0.104537768172401
-0.570827756079165
0.493823332636156
0.204309283050179
0.0880885973426855
-0.0121935812908966
-0.176858404448152
-0.556308588106232
0.126918476032263
0.263699824150083
0.020764186586891
-0.017123398290085
0.12964340179997
0.0696676697546472
-0.430415495534048
0.0925413037564165
0.0993510626313034
0.795175063238083
0.341317112124107
-0.915398818545117
0.0459574525947667
-0.174788873220007
-0.0402440389346626
-0.18169062144231
0.00246153489293234
-0.318987926366231
-0.594798187151768
-0.16287807936358
0.115553216389321
-0.272844193329692
-0.45790374694298
0.363986643307146
0.613041107960212
0.464912326860813
0.316580005791814
-0.0588725635094261
-0.760011751075091
-0.292893932703999
0.293594286033204
-0.5815424492827
0.0923455663726764
0.573772555037646
-0.326535321314835
-0.0346321473723935
0.158523332348665
0.132948586243545
0.602943327879784
-0.762321657612982
0.0647849873458897
0.0722292230995001
0.250929160831286
-0.090221952611887
-0.0523107790697566
0.0124191577828675
0.514678784664056
-0.0381065370240094
0.482139911503893
0.138736350297391
0.19522764890137
0.0907497172020296
-0.153210592181517
0.408091678724925
0.254986091976618
0.0908456221212677
-0.121322562703775
0.278369107589109
-0.186803610851113
-0.274811233123598
-0.207304849998049
-0.201083276236032
0.452036884626742
0.218134692963198
-0.258807043682818
-0.245026502416092
-0.0620509700402912
0.427381502561529
-0.45182408779954
0.0407048110184896
0.0299185191695685
-0.124628874199029
0.268234791791499
0.318111509439046
0.309173458078559
0.443182419214786
0.402722783412196
0.0123265169933663
0.319636656220315
0.0154272253130695
0.152353940770803
-0.203481434578077
-0.501333523789055
-0.0869273723808276
0.160800443294178
-0.29962695127948
0.553392533455761
0.168693348741581
-0.687718605851106
0.069346896333034
-0.555768725509692
0.349387457895087
-0.0603226485877626
-0.0628997926839473
0.236843309490531
0.0316851380158264
0.30000535783819
-0.305041082741335
0.235944619632662
0.139221271709955
-0.169308836636242
0.58292397111096
-0.449513428300493
-0.259409323077993
-0.208519449757969
0.237301368910389
0.571076244014981
-0.354974913882553
1.1408966803415
0.524630095149262
0.239335786380522
0.154176174860878
-0.70043953315351
0.633062684942401
-0.340639191950357
-0.0871311129615913
-0.398635884601189
-0.0456048798284141
-0.236700689340181
0.46711262742104
0.333195755651827
-0.263113881408135
0.478960650633874
0.45632152419789
0.30779686724109
0.502650136455436
0.124495964331653
0.0875965996193405
0.184043447135043
0.364381083622019
-0.261053828268324
-0.18585305687163
0.247814744442368
0.612817121689239
0.0612480808550169
-0.0167139476056838
-0.374371586429943
-0.44049697629572
0.201302221939681
0.477069792456384
0.504276127274408
0.280915945607623
0.793260626764158
0.163373013076994
0.225705641417961
0.46676546057657
0.149283265730602
-0.403700933097005
-0.259293054674684
0.0919046859305094
0.441147887316178
-0.557069069072676
-0.214094357460246
-0.173209050836425
0.168668318831582
0.265684139249034
0.496221804245676
-0.652062106576874
-0.00563960846582352
-0.392233244836075
0.0211548697070275
-0.59064390665531
0.305177780297466
-0.598103746928139
-0.225239414543082
-0.923531320338013
-0.42617126749713
0.0409781742281134
0.0888854844429713
0.457677678750765
-0.287621497827534
-0.10569403841583
-0.12691578829241
0.321417748070269
-0.370798848976297
0.288862313161715
-0.632657756294041
0.0741951335085262
-0.406507721925958
-0.035483410120007
-0.0558519944115952
-0.701497820522793
0.0596680424726002
-0.73947443700921
0.228350237891393
-0.587047470559818
0.278377575463787
0.021348641381119
0.397161583374097
0.225743911725008
-0.196816999686948
0.167608194557676
0.288472760973171
0.343983375866453
-0.288579790160715
0.151908431212541
0.39363667238826
0.101210821298711
-0.470777621873103
0.304070950577429
-0.0108582781886456
-0.158888265527371
0.264621237997407
-0.309281066424313
0.181844692686553
0.297008342818948
0.624153123012552
-0.147451552153844
0.376231370517988
0.0200046501494919
-1.33201471896167
-0.173314710440116
0.335536073487521
-0.707367011153338
-0.390797679354802
0.393138097857889
0.251431342118088
0.120506969306216
0.219538190850344
-0.267254793075943
0.230852268226217
-0.00836623140416742
-0.179514737136926
0.470924720728787
-0.250070069265731
-0.140746093477214
0.20653599405683
0.142971294962251
-0.45470701482392
-0.283142077519065
0.22631352434347
-0.0725860480438731
-0.236715037346489
-0.162808819668533
-0.724320163692938
0.0859307816292611
-0.535114244646713
-0.699271805045404
0.13724525226399
0.341504105743857
-0.73414901404625
0.415934224649804
0.187749308137058
-0.219645500596553
0.0872627104140564
-0.222381133487033
0.345578426739294
0.0935250001064167
0.238783982650229
0.557905475429441
-0.807967767336406
-0.0973014509133272
-0.412898701618113
0.237549620032466
-0.15722621388992
-0.0402741006320997
-0.635785222766111
0.624598444649838
0.432967549529588
-0.00646082464675512
-0.056851136906529
0.0546773740064501
-0.05906183568951
0.183093740620845
0.0129526374725072
-0.396849302252626
0.203164087571963
0.400181739632351
-1.1702341557954
0.213109108401752
-0.634047054989278
0.266117902535258
-0.142884954342955
0.235481030956659
-0.338396138963001
0.456243764172863
0.442286441462957
0.512540922376036
0.0171777134248161
0.149061542812547
-0.233018045743149
0.60080921900927
0.0521801168517706
0.188065851310838
-0.11464654418829
0.130133753177275
-0.190718674884471
0.52497185169557
-0.0866462489131486
-0.530845495152938
0.108756385976708
0.250768915935301
0.239544460128876
-0.0108676573440519
-0.745957868754711
-0.424528625787002
0.200484364256492
0.28569282676617
0.801824163908747
-0.0916452571673944
-0.207029073723887
-0.269170935770947
-0.201311443528686
-0.148025555472773
-0.0703036057471431
0.166312179140109
-0.243646483883713
-0.279589290573078
0.511546410718435
-0.224131909635323
0.104072884095431
-0.948313684782233
0.0659409503833237
0.264365647130109
-0.722508969047952
0.149035601120308
0.295593719844828
0.128570855833576
0.189072266870765
0.543863022652401
-0.365955644120058
0.592080502142275
-0.202030080494044
-0.229412980575103
0.108019533986914
0.127433004474426
0.110910773355146
0.403680493419135
0.265493907254043
-0.850385791044882
0.0346208135669419
-0.599624509915614
-0.394751147384838
-1.09001664958206
-0.0934534379761208
0.506080450918384
-0.682860867657153
-0.751038583580071
0.975941664502182
-0.197933278946865
-0.207478974355426
-0.0911455734572966
0.308877942490927
-0.441815255405977
-0.0637051171812725
-0.125134848020871
0.536895348748777
0.313654610738811
-0.354739050010897
0.168683771624046
-0.612393643157498
0.0183149977228232
-0.560591403102865
0.741825758640801
0.402298753082917
0.156071910371899
0.309524553170553
0.0325113481324946
0.0379016989469695
0.251646133847201
0.149356430340749
-0.339499620961253
-0.422108266138375
0.0185885129719926
-0.817626306899172
0.159320202931206
-0.84481314820531
0.0408167921203231
0.284766074105463
0.0394737545007178
-0.250553898905541
0.0334000654220431
0.127586287674746
-0.0257510996839486
0.072788519408995
-0.450161874567983
-0.748816250315046
0.0524750123513219
0.293145946098317
0.0661491177802144
0.489333194947049
-0.753516207899183
-0.376449178652103
0.547351025769563
-0.224934393076402
